 m_bits Method  R_bits_per_token  utilization  empirical_entropy_rate_bits_per_token  N_tokens_mean  N_trials
      1   ACS1          1.000000     0.692082                              14.517810            1.0        10
      1 Discop          0.753333     0.279902                               4.402110            2.4        10
      1   ACS2          0.778571     0.762127                               1.742105            2.3        10
      2   ACS1          1.650000     0.532622                               6.160806            1.5        10
      2 Discop          1.500000     0.516743                               3.756386            1.8        10
      2   ACS2          0.883333     0.595709                               1.673211            3.0        10
      3   ACS1          1.652857     0.752830                               2.642060            2.7        10
      3 Discop          1.482857     0.720714                               2.904736            3.8        10
      3   ACS2          1.675000     0.694876                               2.651753            3.0        10
      4   ACS1          2.183333     0.931126                               2.427733            3.1        10
      4 Discop          2.250000     0.702411                               3.328391            3.2        10
      4   ACS2          1.796667     0.768184                               2.442967            3.5        10
      5   ACS1          2.283333     0.792870                               2.939642            3.7        10
      5 Discop          1.701389     0.625096                               2.707470            4.3        10
      5   ACS2          1.912500     0.863324                               2.287411            3.5        10
      6   ACS1          2.775714     0.833419                               4.885150            3.2        10
      6 Discop          1.726667     0.718770                               2.375996            5.1        10
      6   ACS2          2.435000     0.964220                               2.464394            4.4        10
      7   ACS1          2.724167     0.912354                               2.966165            4.1        10
      7 Discop          3.629167     0.739331                               4.902742            3.9        10
      7   ACS2          2.761111     0.808458                               3.560981            3.6        10
      8   ACS1          2.226667     0.864613                               2.486338            5.4        10
      8 Discop          2.127619     0.703468                               3.158241            4.3        10
      8   ACS2          1.846061     0.900626                               2.102396            5.9        10
      9   ACS1          2.420714     0.833979                               3.210150            5.3        10
      9 Discop          3.893571     0.779150                               5.063124            4.1        10
      9   ACS2          2.832143     0.816301                               3.605708            5.4        10
     10   ACS1          3.250000     0.844506                               4.109060            3.5        10
     10 Discop          2.115873     0.752284                               2.985180            6.1        10
     10   ACS2          2.221825     0.916073                               2.428341            5.6        10
     11   ACS1          4.280833     0.934205                               4.550678            3.9        10
     11 Discop          2.459722     0.750248                               3.175639            5.5        10
     11   ACS2          2.251111     0.858503                               2.591619            6.7        10
     12   ACS1          2.559091     0.849952                               3.117898            5.6        10
     12 Discop          1.749567     0.804077                               2.174489            7.9        10
     12   ACS2          1.879567     0.909781                               2.096042            7.7        10
     13   ACS1          2.393651     0.892034                               2.619925            6.4        10
     13 Discop          2.866706     0.818018                               3.515410            5.5        10
     13   ACS2          3.325833     0.917148                               3.736819            4.7        10
     14   ACS1          2.382273     0.925261                               2.566635            6.4        10
     14 Discop          1.937778     0.722117                               2.726767            8.0        10
     14   ACS2          2.033333     0.909740                               2.270450            7.5        10
     15   ACS1          2.330952     0.869279                               2.676437            7.3        10
     15 Discop          1.982738     0.775826                               2.561043            8.2        10
     15   ACS2          2.240530     0.911683                               2.491525            7.4        10
     16   ACS1          2.177201     0.870589                               2.491816            8.2        10
     16 Discop          2.326349     0.788723                               2.950115            7.3        10
     16   ACS2          3.075556     0.922168                               3.472264            6.9        10
     17   ACS1          2.572937     0.924117                               2.793346            7.0        10
     17 Discop          2.180440     0.755233                               2.881284            8.4        10
     17   ACS2          3.161148     0.899420                               3.500883            6.4        10
     18   ACS1          2.447877     0.869736                               2.789445            8.6        10
     18 Discop          3.347273     0.848128                               3.871033            6.7        10
     18   ACS2          2.592143     0.865781                               3.030682            7.6        10
     19   ACS1          2.864394     0.911910                               3.142982            7.7        10
     19 Discop          2.562691     0.836806                               3.111610            8.0        10
     19   ACS2          2.697767     0.957736                               2.803515            7.7        10
     20   ACS1          2.042136     0.959452                               2.127566           10.2        10
     20 Discop          3.097691     0.802943                               3.888437            7.4        10
     20   ACS2          2.584871     0.956174                               2.689167            8.3        10
     21   ACS1          3.417500     0.927889                               3.629881            7.5        10
     21 Discop          2.514190     0.790228                               3.169476            9.0        10
     21   ACS2          2.734744     0.914025                               2.972150            8.7        10
     22   ACS1          2.836508     0.925006                               3.088127            8.4        10
     22 Discop          2.105150     0.877664                               2.413428           11.0        10
     22   ACS2          2.906349     0.949436                               3.075155            8.1        10
     23   ACS1          2.986068     0.943144                               3.107598            9.2        10
     23 Discop          2.428773     0.814446                               3.035570           10.8        10
     23   ACS2          2.258897     0.934554                               2.422886           10.7        10
     24   ACS1          2.291515     0.957063                               2.398953           10.7        10
     24 Discop          2.494079     0.833921                               3.026930           10.2        10
     24   ACS2          2.419940     0.936368                               2.590753           10.7        10
     25   ACS1          2.986951     0.917427                               3.258780            9.1        10
     25 Discop          2.196637     0.826847                               2.668692           11.8        10
     25   ACS2          2.519716     0.912389                               2.757877           10.4        10
     26   ACS1          2.627024     0.909886                               2.905160           10.6        10
     26 Discop          2.523492     0.865627                               2.902506           10.9        10
     26   ACS2          2.960173     0.940591                               3.260128            9.5        10
     27   ACS1          2.466196     0.919182                               2.679437           11.3        10
     27 Discop          2.483984     0.847209                               2.960502           11.5        10
     27   ACS2          2.360474     0.936481                               2.520426           11.9        10
     28   ACS1          2.729091     0.918511                               2.990076           10.8        10
     28 Discop          2.596426     0.818785                               3.146614           11.5        10
     28   ACS2          3.071041     0.953480                               3.218668            9.6        10
     29   ACS1          2.854942     0.945968                               3.014285           10.5        10
     29 Discop          2.606652     0.860267                               3.032052           11.8        10
     29   ACS2          2.667572     0.925545                               2.884358           11.9        10
     30   ACS1          2.461927     0.907847                               2.698091           12.8        10
     30 Discop          2.513237     0.830717                               3.034068           12.1        10
     30   ACS2          3.001515     0.949225                               3.163296           10.1        10
     31   ACS1          3.571611     0.931120                               3.846786           10.7        10
     31 Discop          3.044454     0.853272                               3.570647           11.3        10
     31   ACS2          3.251456     0.946371                               3.431931           10.1        10
     32   ACS1          3.095765     0.936375                               3.299183           11.8        10
     32 Discop          2.893420     0.835469                               3.442342           12.0        10
     32   ACS2          2.594010     0.930882                               2.797660           12.6        10
     33   ACS1          2.707246     0.953658                               2.862494           13.2        10
     33 Discop          2.455690     0.832473                               2.992134           13.9        10
     33   ACS2          2.696975     0.962935                               2.797419           12.6        10
     34   ACS1          2.561102     0.935437                               2.756211           13.8        10
     34 Discop          2.318633     0.869094                               2.682810           15.5        10
     34   ACS2          2.856333     0.941743                               3.048498           12.2        10
     35   ACS1          2.492868     0.938831                               2.668381           14.5        10
     35 Discop          2.926428     0.810505                               3.614237           12.3        10
     35   ACS2          2.650113     0.978194                               2.702747           13.8        10
     36   ACS1          2.668584     0.952350                               2.812812           14.0        10
     36 Discop          2.603262     0.858130                               3.018832           14.6        10
     36   ACS2          3.043042     0.969004                               3.135435           12.5        10
     37   ACS1          3.186168     0.977987                               3.263154           12.1        10
     37 Discop          2.668546     0.845720                               3.183319           14.2        10
     37   ACS2          3.184550     0.956609                               3.333472           12.4        10
     38   ACS1          2.586894     0.952753                               2.706024           15.2        10
     38 Discop          2.752861     0.871820                               3.204447           14.3        10
     38   ACS2          2.565123     0.946698                               2.713732           15.1        10
     39   ACS1          3.127529     0.979267                               3.195681           13.0        10
     39 Discop          2.349615     0.889822                               2.642532           17.0        10
     39   ACS2          2.649114     0.960817                               2.760142           14.9        10
     40   ACS1          2.814829     0.949196                               2.972073           14.6        10
     40 Discop          3.038384     0.878226                               3.469745           14.2        10
     40   ACS2          3.141475     0.983204                               3.203350           13.4        10
     41   ACS1          3.028763     0.954946                               3.172416           13.8        10
     41 Discop          2.739486     0.873132                               3.111501           16.3        10
     41   ACS2          2.988170     0.953997                               3.133786           14.5        10
     42   ACS1          3.222290     0.951438                               3.389222           13.6        10
     42 Discop          3.000728     0.863727                               3.473544           14.6        10
     42   ACS2          2.940540     0.974847                               3.016948           14.6        10
     43   ACS1          3.464577     0.946272                               3.665112           12.7        10
     43 Discop          2.749956     0.872280                               3.162094           16.4        10
     43   ACS2          3.225290     0.956068                               3.389377           14.0        10
     44   ACS1          2.777254     0.977893                               2.842812           16.2        10
     44 Discop          2.867960     0.886450                               3.237876           15.7        10
     44   ACS2          3.183858     0.964370                               3.299698           14.8        10
     45   ACS1          2.960526     0.954743                               3.104156           16.2        10
     45 Discop          3.010327     0.856178                               3.520645           15.4        10
     45   ACS2          3.144643     0.956761                               3.305138           15.0        10
     46   ACS1          3.293392     0.961436                               3.440162           14.5        10
     46 Discop          2.723785     0.885171                               3.067476           18.7        10
     46   ACS2          3.178594     0.959030                               3.314147           15.0        10
     47   ACS1          3.139495     0.972988                               3.232928           15.4        10
     47 Discop          2.885595     0.877046                               3.274123           17.8        10
     47   ACS2          3.273258     0.917016                               3.607613           15.2        10
     48   ACS1          3.225096     0.986575                               3.272071           16.3        10
     48 Discop          2.728472     0.875304                               3.104944           18.2        10
     48   ACS2          3.017100     0.981046                               3.087611           16.4        10
     49   ACS1          3.355970     0.972308                               3.459553           14.8        10
     49 Discop          2.752546     0.878215                               3.149902           18.4        10
     49   ACS2          3.163396     0.973780                               3.249032           16.3        10
     50   ACS1          3.282920     0.976323                               3.387575           16.3        10
     50 Discop          2.682791     0.876022                               3.041139           19.5        10
     50   ACS2          3.353898     0.954058                               3.508318           15.4        10
     51   ACS1          3.789892     0.978154                               3.876476           13.9        10
     51 Discop          3.040596     0.892431                               3.405219           17.7        10
     51   ACS2          2.851116     0.973672                               2.933102           18.8        10
     52   ACS1          3.128442     0.972560                               3.215223           17.1        10
     52 Discop          2.817789     0.854239                               3.309915           18.7        10
     52   ACS2          3.183350     0.961916                               3.290953           18.5        10
     53   ACS1          3.209844     0.968793                               3.315985           17.3        10
     53 Discop          2.521046     0.852427                               2.949781           22.7        10
     53   ACS2          2.985870     0.977573                               3.051645           18.3        10
     54   ACS1          3.240056     0.958888                               3.378879           16.9        10
     54 Discop          2.835773     0.871277                               3.237160           21.4        10
     54   ACS2          2.933070     0.977059                               2.993895           19.3        10
     55   ACS1          3.451594     0.968658                               3.564661           16.5        10
     55 Discop          2.497794     0.851094                               2.934855           22.4        10
     55   ACS2          3.001709     0.971918                               3.090724           18.9        10
     56   ACS1          2.942952     0.968452                               3.033229           19.9        10
     56 Discop          3.016381     0.885348                               3.397375           19.2        10
     56   ACS2          2.988048     0.955647                               3.141222           20.0        10
     57   ACS1          3.341011     0.982507                               3.399324           17.3        10
     57 Discop          2.870576     0.868872                               3.288885           20.5        10
     57   ACS2          2.952522     0.962746                               3.094830           20.9        10
     58   ACS1          3.058350     0.953349                               3.204412           19.6        10
     58 Discop          3.077146     0.874493                               3.538765           20.5        10
     58   ACS2          3.108832     0.954570                               3.269155           19.7        10
     59   ACS1          3.156313     0.975740                               3.243484           19.6        10
     59 Discop          3.032094     0.875490                               3.465986           19.6        10
     59   ACS2          3.048745     0.981076                               3.113426           20.4        10
     60   ACS1          3.042035     0.978073                               3.110602           20.9        10
     60 Discop          3.119872     0.909121                               3.423659           19.9        10
     60   ACS2          3.111454     0.977160                               3.182906           20.0        10
     61   ACS1          3.156159     0.968299                               3.269608           20.1        10
     61 Discop          3.146554     0.880145                               3.566409           20.3        10
     61   ACS2          3.083265     0.984789                               3.133313           20.3        10
     62   ACS1          2.987960     0.980392                               3.052252           21.9        10
     62 Discop          2.900656     0.890188                               3.262669           23.4        10
     62   ACS2          3.149310     0.977717                               3.220865           20.2        10
     63   ACS1          3.052081     0.966170                               3.169268           21.4        10
     63 Discop          2.707018     0.851734                               3.172620           23.8        10
     63   ACS2          2.948806     0.966533                               3.058508           21.5        10
     64   ACS1          3.016640     0.984482                               3.062675           21.6        10
     64 Discop          2.895296     0.893102                               3.238047           23.4        10
     64   ACS2          3.135608     0.962718                               3.286961           21.1        10
     65   ACS1          3.130000     0.975905                               3.210127           21.2        10
     65 Discop          3.107910     0.872261                               3.557320           22.4        10
     65   ACS2          3.181159     0.978842                               3.256983           21.2        10
     66   ACS1          3.405467     0.983225                               3.468249           20.1        10
     66 Discop          2.686295     0.860354                               3.111055           26.6        10
     66   ACS2          3.430338     0.977705                               3.508161           19.7        10
     67   ACS1          3.050100     0.957503                               3.189411           22.5        10
     67 Discop          2.802662     0.874834                               3.205818           25.8        10
     67   ACS2          2.768757     0.980161                               2.825104           25.2        10
     68   ACS1          3.459687     0.980286                               3.522949           21.1        10
     68 Discop          2.728707     0.883349                               3.077685           25.9        10
     68   ACS2          3.372689     0.969678                               3.478268           21.6        10
     69   ACS1          3.050445     0.982402                               3.106581           23.8        10
     69 Discop          2.646121     0.869899                               3.036415           27.0        10
     69   ACS2          2.895934     0.972010                               2.982072           25.1        10
     70   ACS1          3.346054     0.984718                               3.403895           22.2        10
     70 Discop          3.197403     0.875044                               3.647245           23.3        10
     70   ACS2          2.849127     0.986630                               2.891536           25.0        10
     71   ACS1          3.006180     0.982701                               3.062211           25.6        10
     71 Discop          2.823510     0.880577                               3.211472           26.6        10
     71   ACS2          2.954465     0.975357                               3.033211           24.9        10
     72   ACS1          2.988240     0.974359                               3.062855           24.7        10
     72 Discop          2.699260     0.884310                               3.042751           28.3        10
     72   ACS2          3.348656     0.975533                               3.438602           23.5        10
     73   ACS1          3.201992     0.959945                               3.335171           23.5        10
     73 Discop          2.624581     0.864080                               3.028056           29.5        10
     73   ACS2          3.290123     0.972446                               3.398587           23.8        10
     74   ACS1          2.902602     0.984113                               2.948610           25.8        10
     74 Discop          3.089954     0.893159                               3.470680           24.2        10
     74   ACS2          2.824540     0.984558                               2.877501           28.2        10
     75   ACS1          3.260368     0.983738                               3.311123           24.2        10
     75 Discop          2.624132     0.875567                               3.000145           29.8        10
     75   ACS2          3.110570     0.972218                               3.203744           25.4        10
     76   ACS1          2.947196     0.973287                               3.021009           26.7        10
     76 Discop          2.910994     0.871712                               3.332636           27.3        10
     76   ACS2          3.420587     0.984150                               3.480687           23.4        10
     77   ACS1          2.928413     0.980651                               2.990830           26.9        10
     77 Discop          2.839153     0.872532                               3.255832           27.7        10
     77   ACS2          3.214721     0.965664                               3.322789           25.6        10
     78   ACS1          3.376561     0.978129                               3.449360           25.3        10
     78 Discop          2.711999     0.871789                               3.103668           30.3        10
     78   ACS2          2.933288     0.967619                               3.039153           28.2        10
     79   ACS1          2.988842     0.971962                               3.074026           27.1        10
     79 Discop          3.149789     0.909995                               3.452718           26.5        10
     79   ACS2          2.824247     0.985107                               2.874889           29.8        10
     80   ACS1          2.966318     0.983280                               3.015281           27.8        10
     80 Discop          2.627926     0.873794                               3.006075           32.8        10
     80   ACS2          3.264188     0.985785                               3.313046           25.3        10
     81   ACS1          3.314179     0.957828                               3.469655           25.1        10
     81 Discop          2.941748     0.902510                               3.256311           29.4        10
     81   ACS2          2.891586     0.971310                               2.978507           28.8        10
     82   ACS1          3.331880     0.981677                               3.393953           25.6        10
     82 Discop          2.765716     0.886455                               3.107402           32.1        10
     82   ACS2          3.014769     0.976449                               3.091230           27.9        10
     83   ACS1          3.116257     0.990073                               3.148921           27.3        10
     83 Discop          2.517696     0.880565                               2.855070           34.4        10
     83   ACS2          2.870184     0.979963                               2.926177           30.8        10
     84   ACS1          2.965164     0.982278                               3.011190           31.0        10
     84 Discop          2.709337     0.882183                               3.073683           33.1        10
     84   ACS2          3.096732     0.984549                               3.147653           29.9        10
     85   ACS1          3.234361     0.967222                               3.353261           30.6        10
     85 Discop          2.811966     0.881028                               3.192064           32.2        10
     85   ACS2          3.296225     0.978992                               3.358069           28.1        10
     86   ACS1          2.969844     0.981009                               3.033504           30.5        10
     86 Discop          3.163443     0.887093                               3.562398           28.8        10
     86   ACS2          3.100141     0.976224                               3.176070           29.6        10
     87   ACS1          3.066348     0.988245                               3.100180           29.8        10
     87 Discop          2.842731     0.883219                               3.209607           32.0        10
     87   ACS2          2.601099     0.985845                               2.641369           35.7        10
     88   ACS1          2.699148     0.985107                               2.738105           33.6        10
     88 Discop          2.891805     0.882160                               3.266521           32.8        10
     88   ACS2          2.390236     0.977010                               2.447277           37.3        10
     89   ACS1          2.729758     0.975322                               2.793444           33.9        10
     89 Discop          2.462908     0.880555                               2.785104           37.4        10
     89   ACS2          3.098319     0.986476                               3.136107           31.1        10
     90   ACS1          3.314368     0.981460                               3.377263           28.5        10
     90 Discop          2.420296     0.882335                               2.739435           38.7        10
     90   ACS2          2.892191     0.989062                               2.929683           32.5        10
     91   ACS1          2.774621     0.983876                               2.827418           35.5        10
     91 Discop          2.699092     0.876132                               3.063316           35.5        10
     91   ACS2          3.215832     0.983927                               3.277721           29.1        10
     92   ACS1          3.086519     0.965131                               3.194954           30.6        10
     92 Discop          3.196035     0.894877                               3.552701           32.2        10
     92   ACS2          3.387047     0.975533                               3.470714           28.7        10
     93   ACS1          3.140726     0.982374                               3.199104           31.5        10
     93 Discop          3.246117     0.875863                               3.699209           29.7        10
     93   ACS2          3.213190     0.968853                               3.313951           30.1        10
     94   ACS1          3.129004     0.974885                               3.198620           31.6        10
     94 Discop          2.436666     0.866145                               2.820689           39.6        10
     94   ACS2          3.001567     0.990257                               3.027955           33.2        10
     95   ACS1          3.424067     0.966665                               3.552839           28.8        10
     95 Discop          2.943324     0.878045                               3.339564           33.8        10
     95   ACS2          3.309064     0.978903                               3.383309           29.5        10
     96   ACS1          2.865483     0.984286                               2.910299           35.3        10
     96 Discop          2.521007     0.850537                               2.955599           39.1        10
     96   ACS2          3.082139     0.978309                               3.148911           32.6        10
     97   ACS1          3.377222     0.984409                               3.430460           31.2        10
     97 Discop          3.203387     0.882481                               3.617152           31.5        10
     97   ACS2          2.934406     0.992356                               2.956211           34.6        10
     98   ACS1          2.856115     0.984698                               2.900377           35.0        10
     98 Discop          2.815813     0.873065                               3.217990           35.5        10
     98   ACS2          2.851306     0.983120                               2.906077           36.4        10
     99   ACS1          2.587173     0.991682                               2.608511           38.9        10
     99 Discop          2.521518     0.876230                               2.877828           40.2        10
     99   ACS2          3.182279     0.990085                               3.207230           34.6        10
    100   ACS1          3.078215     0.970814                               3.180724           33.7        10
    100 Discop          2.610411     0.874280                               2.980674           39.8        10
    100   ACS2          2.983849     0.970237                               3.072137           36.7        10
    101   ACS1          2.636753     0.992899                               2.652869           39.6        10
    101 Discop          2.795597     0.883702                               3.139187           39.2        10
    101   ACS2          2.886450     0.984904                               2.930277           36.1        10
    102   ACS1          3.103026     0.981240                               3.169216           35.1        10
    102 Discop          2.772802     0.876466                               3.161735           38.8        10
    102   ACS2          3.071369     0.978994                               3.138272           34.0        10
    103   ACS1          2.921512     0.988826                               2.959865           39.2        10
    103 Discop          2.716168     0.888126                               3.054360           40.3        10
    103   ACS2          2.908625     0.981422                               2.955343           36.9        10
    104   ACS1          2.929130     0.989701                               2.961423           36.9        10
    104 Discop          2.901898     0.881286                               3.298214           37.5        10
    104   ACS2          2.936573     0.975277                               3.010188           37.0        10
    105   ACS1          2.776907     0.981899                               2.823890           39.0        10
    105 Discop          2.389136     0.876089                               2.731380           44.7        10
    105   ACS2          3.127122     0.989701                               3.162069           34.5        10
    106   ACS1          2.854187     0.983433                               2.899536           40.5        10
    106 Discop          3.002573     0.885606                               3.391522           36.5        10
    106   ACS2          2.981478     0.985852                               3.025207           36.2        10
    107   ACS1          3.086054     0.993608                               3.103885           35.8        10
    107 Discop          2.552066     0.886747                               2.870842           42.8        10
    107   ACS2          3.229193     0.978445                               3.303148           34.4        10
    108   ACS1          3.255912     0.969316                               3.374682           35.0        10
    108 Discop          2.707046     0.865799                               3.109756           42.8        10
    108   ACS2          3.039218     0.972182                               3.128539           36.5        10
    109   ACS1          3.130774     0.991748                               3.162748           37.5        10
    109 Discop          2.453779     0.883131                               2.781364           45.2        10
    109   ACS2          3.076521     0.986302                               3.120618           36.4        10
    110   ACS1          3.414711     0.982315                               3.476404           34.8        10
    110 Discop          2.930918     0.907907                               3.210996           39.7        10
    110   ACS2          2.870130     0.983764                               2.918723           39.8        10
    111   ACS1          3.219219     0.979230                               3.292185           35.9        10
    111 Discop          2.785885     0.893982                               3.101782           43.2        10
    111   ACS2          2.913031     0.969291                               3.000577           39.3        10
    112   ACS1          2.473484     0.984385                               2.511469           50.0        10
    112 Discop          2.900728     0.888202                               3.254547           40.1        10
    112   ACS2          3.266646     0.987322                               3.312914           36.6        10
    113   ACS1          3.063857     0.989466                               3.094935           40.6        10
    113 Discop          2.613811     0.888411                               2.927480           45.5        10
    113   ACS2          3.128065     0.980383                               3.196303           37.7        10
    114   ACS1          2.822786     0.985529                               2.863229           41.1        10
    114 Discop          2.642529     0.891672                               2.959646           44.0        10
    114   ACS2          3.029727     0.981809                               3.099640           40.0        10
    115   ACS1          3.082791     0.981048                               3.147374           38.5        10
    115 Discop          2.797987     0.881519                               3.163206           43.0        10
    115   ACS2          2.932265     0.989007                               2.963040           40.0        10
    116   ACS1          2.943200     0.983474                               2.991056           40.8        10
    116 Discop          2.754796     0.884164                               3.100323           46.1        10
    116   ACS2          3.187433     0.984899                               3.233307           37.6        10
    117   ACS1          2.993833     0.991891                               3.019745           40.1        10
    117 Discop          2.536860     0.887407                               2.836112           49.2        10
    117   ACS2          2.604014     0.987481                               2.636665           45.5        10
    118   ACS1          2.820804     0.977619                               2.891023           43.6        10
    118 Discop          2.693698     0.883379                               3.048846           44.6        10
    118   ACS2          2.614189     0.992400                               2.632952           46.5        10
    119   ACS1          2.930912     0.978129                               3.002059           41.7        10
    119 Discop          2.986438     0.896183                               3.331707           43.1        10
    119   ACS2          3.100180     0.987428                               3.140704           40.3        10
    120   ACS1          2.863329     0.979368                               2.926819           42.9        10
    120 Discop          3.206342     0.897512                               3.561359           40.0        10
    120   ACS2          2.647195     0.983959                               2.689496           46.5        10
    121   ACS1          2.695175     0.984025                               2.739851           45.2        10
    121 Discop          2.795608     0.890826                               3.132543           44.6        10
    121   ACS2          3.108752     0.989046                               3.142653           39.7        10
    122   ACS1          3.017456     0.976985                               3.086639           41.8        10
    122 Discop          2.712344     0.888438                               3.049556           47.3        10
    122   ACS2          2.918729     0.990487                               2.944241           44.5        10
    123   ACS1          2.908103     0.981949                               2.967384           43.0        10
    123 Discop          2.862927     0.877382                               3.257574           44.7        10
    123   ACS2          2.893607     0.990632                               2.920885           45.1        10
    124   ACS1          2.915554     0.983687                               2.960589           44.1        10
    124 Discop          2.777533     0.897285                               3.074066           49.2        10
    124   ACS2          2.904516     0.990865                               2.931281           44.3        10
    125   ACS1          3.174029     0.983093                               3.221990           41.8        10
    125 Discop          3.066370     0.893504                               3.423675           41.9        10
    125   ACS2          2.650080     0.980523                               2.701613           49.5        10
    126   ACS1          3.075923     0.982360                               3.127512           42.2        10
    126 Discop          2.334055     0.858198                               2.710703           56.8        10
    126   ACS2          3.400371     0.988271                               3.442604           38.3        10
    127   ACS1          2.591155     0.986765                               2.628237           50.7        10
    127 Discop          2.434279     0.862826                               2.810613           53.9        10
    127   ACS2          2.899770     0.980767                               2.960769           44.5        10
    128   ACS1          2.782900     0.990623                               2.808805           47.2        10
    128 Discop          2.992386     0.885591                               3.373615           44.0        10
    128   ACS2          3.087032     0.989250                               3.121747           42.0        10
    129   ACS1          2.996489     0.985853                               3.035301           44.4        10
    129 Discop          2.547587     0.877617                               2.904205           51.7        10
    129   ACS2          2.842589     0.991853                               2.871729           48.8        10
    130   ACS1          2.855145     0.985160                               2.904746           47.7        10
    130 Discop          2.553706     0.865260                               2.940863           53.8        10
    130   ACS2          3.238795     0.978625                               3.307080           42.2        10
    131   ACS1          2.986178     0.979633                               3.045957           44.9        10
    131 Discop          2.732120     0.873746                               3.120979           49.5        10
    131   ACS2          2.953956     0.993847                               2.972728           45.1        10
    132   ACS1          3.085898     0.979689                               3.160784           44.4        10
    132 Discop          2.621872     0.877830                               2.990151           51.4        10
    132   ACS2          3.134348     0.985771                               3.186412           43.6        10
    133   ACS1          2.829628     0.984923                               2.871614           49.7        10
    133 Discop          2.664911     0.907251                               2.930852           53.1        10
    133   ACS2          2.904940     0.976289                               2.979621           48.0        10
    134   ACS1          2.801755     0.988645                               2.834270           48.8        10
    134 Discop          2.742183     0.890569                               3.083014           50.8        10
    134   ACS2          2.943943     0.993761                               2.962377           46.5        10
    135   ACS1          2.762746     0.983283                               2.813184           49.7        10
    135 Discop          2.869946     0.892104                               3.206487           51.1        10
    135   ACS2          2.651194     0.985951                               2.688423           52.3        10
    136   ACS1          3.209325     0.994148                               3.226748           43.2        10
    136 Discop          2.359394     0.886959                               2.646875           62.3        10
    136   ACS2          3.127575     0.985473                               3.175334           44.7        10
    137   ACS1          2.993790     0.991751                               3.017354           47.1        10
    137 Discop          2.348936     0.871083                               2.696669           62.0        10
    137   ACS2          2.824528     0.986776                               2.860167           49.8        10
    138   ACS1          2.948746     0.978949                               3.013625           48.7        10
    138 Discop          2.603622     0.893463                               2.910783           55.4        10
    138   ACS2          2.963183     0.982130                               3.019555           49.4        10
    139   ACS1          2.914000     0.979292                               2.978836           48.8        10
    139 Discop          2.610569     0.889771                               2.920832           55.3        10
    139   ACS2          2.765407     0.988980                               2.796386           51.0        10
    140   ACS1          3.032658     0.984416                               3.077320           49.2        10
    140 Discop          2.705085     0.908980                               2.967837           54.7        10
    140   ACS2          3.529988     0.990139                               3.567226           41.3        10
    141   ACS1          3.095983     0.981310                               3.154348           47.2        10
    141 Discop          2.806790     0.892140                               3.141372           51.2        10
    141   ACS2          3.065939     0.990435                               3.096033           46.4        10
    142   ACS1          3.080133     0.986864                               3.118538           48.0        10
    142 Discop          2.781029     0.893855                               3.114364           53.8        10
    142   ACS2          3.445191     0.984238                               3.500217           41.8        10
    143   ACS1          2.995885     0.990427                               3.027624           50.2        10
    143 Discop          2.662733     0.876070                               3.037480           56.1        10
    143   ACS2          2.828512     0.990243                               2.855831           52.5        10
    144   ACS1          3.226991     0.988201                               3.263789           46.7        10
    144 Discop          2.267809     0.859162                               2.624888           66.1        10
    144   ACS2          2.986479     0.988405                               3.023221           51.3        10
    145   ACS1          3.169992     0.983277                               3.224909           48.4        10
    145 Discop          2.705971     0.891912                               3.028806           55.3        10
    145   ACS2          2.807789     0.984211                               2.851987           53.1        10
    146   ACS1          2.900688     0.986201                               2.942226           51.4        10
    146 Discop          2.543936     0.864533                               2.929081           61.3        10
    146   ACS2          3.009243     0.991004                               3.039667           51.2        10
    147   ACS1          2.815197     0.991552                               2.837128           55.4        10
    147 Discop          2.929632     0.887349                               3.304954           52.0        10
    147   ACS2          3.054755     0.984386                               3.105684           49.8        10
    148   ACS1          3.324560     0.991560                               3.353170           46.0        10
    148 Discop          2.747037     0.890686                               3.078967           55.7        10
    148   ACS2          2.991247     0.986853                               3.031557           51.0        10
    149   ACS1          2.845361     0.989340                               2.876549           57.0        10
    149 Discop          2.785144     0.878038                               3.171191           54.6        10
    149   ACS2          3.052869     0.985572                               3.097544           50.4        10
    150   ACS1          3.073145     0.983950                               3.126470           49.6        10
    150 Discop          2.795934     0.898251                               3.110956           55.5        10
    150   ACS2          3.114543     0.990929                               3.141970           50.5        10
    151   ACS1          3.028666     0.989661                               3.063445           51.2        10
    151 Discop          2.234395     0.875130                               2.548647           73.1        10
    151   ACS2          3.140926     0.987610                               3.179888           48.6        10
    152   ACS1          3.219665     0.988407                               3.261086           48.4        10
    152 Discop          2.594487     0.884699                               2.922350           60.6        10
    152   ACS2          3.034190     0.993371                               3.054324           51.9        10
    153   ACS1          2.978230     0.983286                               3.031192           54.1        10
    153 Discop          2.605548     0.883849                               2.933218           63.1        10
    153   ACS2          3.200656     0.992865                               3.223491           48.9        10
    154   ACS1          2.834433     0.990790                               2.863009           59.1        10
    154 Discop          2.515436     0.873553                               2.864481           66.5        10
    154   ACS2          3.050586     0.985187                               3.098514           53.9        10
    155   ACS1          2.792035     0.984934                               2.838388           58.7        10
    155 Discop          2.760950     0.892717                               3.096046           56.8        10
    155   ACS2          2.830893     0.986718                               2.871301           57.0        10
    156   ACS1          2.595553     0.992523                               2.617039           62.6        10
    156 Discop          2.836661     0.899142                               3.151498           57.4        10
    156   ACS2          3.248734     0.990776                               3.280674           49.9        10
    157   ACS1          2.699365     0.996502                               2.709136           59.5        10
    157 Discop          2.619149     0.875557                               2.975764           66.4        10
    157   ACS2          3.088510     0.987617                               3.128621           51.7        10
    158   ACS1          2.983713     0.991515                               3.011415           53.6        10
    158 Discop          2.602676     0.875314                               2.971621           62.6        10
    158   ACS2          2.872233     0.990495                               2.901099           55.3        10
    159   ACS1          2.802328     0.994105                               2.818666           57.1        10
    159 Discop          2.704596     0.888406                               3.044628           60.0        10
    159   ACS2          3.122650     0.986232                               3.169260           52.6        10
    160   ACS1          2.868945     0.981855                               2.920026           56.9        10
    160 Discop          2.500367     0.871410                               2.868321           65.2        10
    160   ACS2          3.243309     0.989686                               3.274289           52.0        10
    161   ACS1          2.762591     0.989966                               2.789783           59.5        10
    161 Discop          2.702225     0.891796                               3.024756           61.5        10
    161   ACS2          2.936608     0.992358                               2.962491           59.0        10
    162   ACS1          3.074614     0.990866                               3.102005           53.6        10
    162 Discop          2.895326     0.887702                               3.257893           56.9        10
    162   ACS2          2.858831     0.993145                               2.878911           57.7        10
    163   ACS1          3.415261     0.976934                               3.497015           48.4        10
    163 Discop          2.746465     0.894526                               3.064228           60.7        10
    163   ACS2          2.853538     0.988658                               2.883890           59.5        10
    164   ACS1          2.802704     0.983987                               2.850400           59.3        10
    164 Discop          2.892664     0.898263                               3.215537           60.3        10
    164   ACS2          2.595943     0.987392                               2.635695           69.3        10
    165   ACS1          2.570784     0.984354                               2.617226           67.2        10
    165 Discop          2.554810     0.881498                               2.877641           69.2        10
    165   ACS2          2.747793     0.984442                               2.787511           62.3        10
    166   ACS1          2.920652     0.990557                               2.954008           60.6        10
    166 Discop          2.852455     0.902214                               3.159404           59.8        10
    166   ACS2          3.054327     0.992136                               3.079374           56.1        10
    167   ACS1          2.843905     0.992381                               2.867188           61.5        10
    167 Discop          2.537908     0.898901                               2.823619           67.1        10
    167   ACS2          2.775429     0.986876                               2.812361           62.0        10
    168   ACS1          2.952448     0.993189                               2.971715           58.2        10
    168 Discop          2.670336     0.889599                               2.996013           65.5        10
    168   ACS2          3.342988     0.983713                               3.397421           52.3        10
    169   ACS1          2.827002     0.991895                               2.852377           61.8        10
    169 Discop          2.584912     0.889132                               2.902853           69.5        10
    169   ACS2          2.579528     0.995936                               2.591413           69.4        10
    170   ACS1          2.992065     0.987607                               3.029542           57.7        10
    170 Discop          2.706175     0.907779                               2.980752           64.8        10
    170   ACS2          2.775952     0.993159                               2.796591           63.8        10
    171   ACS1          2.899608     0.991821                               2.923174           61.7        10
    171 Discop          2.676106     0.878045                               3.032773           70.7        10
    171   ACS2          3.102795     0.987786                               3.143504           57.1        10
    172   ACS1          2.930980     0.994247                               2.947710           60.3        10
    172 Discop          2.482611     0.880574                               2.804342           71.9        10
    172   ACS2          2.685953     0.990979                               2.712792           71.1        10
    173   ACS1          3.085025     0.994896                               3.102075           58.5        10
    173 Discop          2.537732     0.877418                               2.879312           73.2        10
    173   ACS2          2.949029     0.992098                               2.971339           61.5        10
    174   ACS1          2.942628     0.989823                               2.974188           62.5        10
    174 Discop          2.589908     0.892768                               2.890553           69.3        10
    174   ACS2          2.693521     0.990472                               2.719795           65.8        10
    175   ACS1          3.017049     0.981972                               3.076359           60.9        10
    175 Discop          2.629728     0.905816                               2.910298           68.4        10
    175   ACS2          3.095455     0.993498                               3.115231           58.4        10
    176   ACS1          3.059041     0.981590                               3.122410           60.5        10
    176 Discop          3.007682     0.887936                               3.387293           59.3        10
    176   ACS2          2.907984     0.995432                               2.921168           65.4        10
    177   ACS1          2.865469     0.982059                               2.918716           63.0        10
    177 Discop          2.892208     0.888192                               3.232014           67.3        10
    177   ACS2          3.237539     0.987576                               3.279717           55.9        10
    178   ACS1          2.827397     0.980363                               2.883121           64.8        10
    178 Discop          2.668839     0.896897                               2.967704           69.3        10
    178   ACS2          2.839820     0.991988                               2.862486           65.4        10
    179   ACS1          2.689872     0.990817                               2.716309           71.0        10
    179 Discop          2.507317     0.882096                               2.830565           79.2        10
    179   ACS2          2.944212     0.993437                               2.967362           62.6        10
    180   ACS1          2.792156     0.992923                               2.813923           68.3        10
    180 Discop          2.397787     0.878993                               2.719812           78.0        10
    180   ACS2          2.920774     0.992575                               2.943914           65.5        10
    181   ACS1          2.780173     0.993459                               2.797705           66.8        10
    181 Discop          2.089037     0.875127                               2.376361           99.3        10
    181   ACS2          2.898138     0.991429                               2.922693           65.3        10
    182   ACS1          3.363516     0.992832                               3.391369           55.8        10
    182 Discop          2.848666     0.898978                               3.165656           65.2        10
    182   ACS2          2.764153     0.991835                               2.786569           68.9        10
    183   ACS1          2.750759     0.984126                               2.791360           68.6        10
    183 Discop          2.619057     0.885207                               2.952924           72.4        10
    183   ACS2          2.830691     0.990875                               2.857341           67.6        10
    184   ACS1          2.776866     0.994358                               2.797009           69.3        10
    184 Discop          2.334844     0.879792                               2.650658           82.6        10
    184   ACS2          2.802722     0.986279                               2.842776           66.5        10
    185   ACS1          2.856060     0.992802                               2.877270           66.8        10
    185 Discop          2.334640     0.883527                               2.647315           82.3        10
    185   ACS2          3.154257     0.987790                               3.192087           60.6        10
    186   ACS1          3.162305     0.992561                               3.186534           60.1        10
    186 Discop          2.955901     0.894814                               3.282822           68.5        10
    186   ACS2          2.816778     0.991689                               2.839341           68.5        10
    187   ACS1          2.902098     0.989130                               2.933971           65.8        10
    187 Discop          2.171000     0.872608                               2.491668           87.7        10
    187   ACS2          2.531197     0.990157                               2.558337           76.5        10
    188   ACS1          2.948896     0.991953                               2.971958           66.5        10
    188 Discop          2.593851     0.870695                               2.958725           84.5        10
    188   ACS2          2.899926     0.995370                               2.912562           67.7        10
    189   ACS1          3.034302     0.990451                               3.061175           65.5        10
    189 Discop          2.519461     0.879959                               2.838510           82.1        10
    189   ACS2          2.883941     0.993445                               2.901947           67.1        10
    190   ACS1          2.894737     0.989304                               2.927374           68.1        10
    190 Discop          2.726993     0.892502                               3.054760           72.1        10
    190   ACS2          3.019614     0.985490                               3.064824           66.5        10
    191   ACS1          2.905301     0.991753                               2.928514           67.4        10
    191 Discop          2.925847     0.892533                               3.265587           67.6        10
    191   ACS2          3.108897     0.987584                               3.146144           63.8        10
    192   ACS1          2.753653     0.991254                               2.780948           75.3        10
    192 Discop          2.509564     0.877747                               2.856362           78.6        10
    192   ACS2          2.932808     0.992611                               2.954221           67.1        10
    193   ACS1          2.721059     0.995370                               2.735250           76.6        10
    193 Discop          2.653486     0.886545                               2.988654           73.8        10
    193   ACS2          3.100470     0.988321                               3.146283           64.2        10
    194   ACS1          2.758888     0.988652                               2.793315           72.5        10
    194 Discop          2.657287     0.891592                               2.958078           77.5        10
    194   ACS2          3.231125     0.988790                               3.269203           62.8        10
    195   ACS1          2.623375     0.999572                               2.625120           77.2        10
    195 Discop          2.504885     0.891800                               2.805216           80.9        10
    195   ACS2          2.889500     0.988972                               2.924957           71.6        10
    196   ACS1          2.795494     0.995051                               2.810181           72.5        10
    196 Discop          2.280652     0.890502                               2.556537           88.0        10
    196   ACS2          2.568311     0.994210                               2.583230           77.0        10
    197   ACS1          2.957251     0.988982                               2.991045           68.3        10
    197 Discop          2.560431     0.883976                               2.878396           83.0        10
    197   ACS2          3.061723     0.987309                               3.101548           66.2        10
    198   ACS1          3.062734     0.992410                               3.091176           69.4        10
    198 Discop          2.395229     0.884603                               2.691622           91.9        10
    198   ACS2          2.914829     0.989615                               2.943541           69.8        10
    199   ACS1          2.764484     0.992601                               2.786721           74.1        10
    199 Discop          2.433933     0.887351                               2.733244           86.3        10
    199   ACS2          2.886208     0.986124                               2.927676           72.4        10
    200   ACS1          3.045349     0.990226                               3.080935           68.9        10
    200 Discop          2.723523     0.894464                               3.035439           77.9        10
    200   ACS2          3.225286     0.991067                               3.257892           63.4        10
    201   ACS1          2.891455     0.995331                               2.906911           74.1        10
    201 Discop          2.716723     0.895030                               3.029606           76.6        10
    201   ACS2          2.782939     0.990304                               2.812626           76.2        10
    202   ACS1          2.977575     0.988324                               3.014970           69.9        10
    202 Discop          2.266019     0.866269                               2.593444           97.8        10
    202   ACS2          2.879459     0.995011                               2.896199           73.6        10
    203   ACS1          2.865174     0.992481                               2.889602           72.2        10
    203 Discop          2.439503     0.891120                               2.735272           86.1        10
    203   ACS2          2.753458     0.993721                               2.772364           76.9        10
    204   ACS1          2.685716     0.992204                               2.705696           80.5        10
    204 Discop          2.620679     0.872131                               2.998949           79.8        10
    204   ACS2          2.854244     0.991554                               2.879637           78.0        10
    205   ACS1          2.993880     0.994775                               3.012809           76.3        10
    205 Discop          2.262411     0.872794                               2.589494           96.1        10
    205   ACS2          2.980969     0.994387                               2.998427           70.1        10
    206   ACS1          2.527414     0.990231                               2.551706           87.7        10
    206 Discop          2.678066     0.888215                               3.012934           79.5        10
    206   ACS2          2.856058     0.990475                               2.885168           80.1        10
    207   ACS1          3.021817     0.990812                               3.047676           70.6        10
    207 Discop          2.190864     0.882625                               2.478620           99.5        10
    207   ACS2          2.896769     0.989122                               2.930395           74.1        10
    208   ACS1          3.358199     0.983460                               3.413635           64.9        10
    208 Discop          2.412985     0.878193                               2.730653           90.7        10
    208   ACS2          2.982817     0.982506                               3.034558           72.6        10
    209   ACS1          2.818508     0.996394                               2.828392           76.5        10
    209 Discop          2.401001     0.890747                               2.683783           93.2        10
    209   ACS2          3.018555     0.994811                               3.036856           73.8        10
    210   ACS1          2.809071     0.991892                               2.841248           81.9        10
    210 Discop          2.237440     0.880198                               2.519384          102.3        10
    210   ACS2          3.293996     0.988606                               3.336209           66.7        10
    211   ACS1          2.851317     0.991006                               2.875388           81.8        10
    211 Discop          2.428122     0.870628                               2.788220           89.6        10
    211   ACS2          2.586128     0.993192                               2.607173           84.9        10
    212   ACS1          2.984569     0.986869                               3.026516           74.6        10
    212 Discop          2.319917     0.869402                               2.658288           94.5        10
    212   ACS2          2.717159     0.992345                               2.741182           83.5        10
    213   ACS1          2.820604     0.995606                               2.833725           78.0        10
    213 Discop          2.415085     0.881003                               2.727185           91.5        10
    213   ACS2          2.966038     0.997294                               2.975526           80.7        10
    214   ACS1          3.136096     0.995140                               3.152003           70.5        10
    214 Discop          2.661531     0.895823                               2.960212           85.9        10
    214   ACS2          3.096452     0.995923                               3.109594           71.7        10
    215   ACS1          2.696836     0.996871                               2.705186           82.7        10
    215 Discop          2.353380     0.881599                               2.667280           94.8        10
    215   ACS2          2.990382     0.993806                               3.010126           75.1        10
    216   ACS1          3.275389     0.992850                               3.298645           67.4        10
    216 Discop          2.595342     0.895002                               2.895767           85.3        10
    216   ACS2          2.924988     0.998175                               2.929855           80.0        10
    217   ACS1          2.973359     0.993573                               2.992429           76.0        10
    217 Discop          2.839929     0.904141                               3.134600           79.3        10
    217   ACS2          3.010022     0.992872                               3.032525           74.2        10
    218   ACS1          2.727058     0.994356                               2.743321           81.5        10
    218 Discop          2.995767     0.902223                               3.314309           75.3        10
    218   ACS2          2.855466     0.995319                               2.868542           78.4        10
    219   ACS1          2.628814     0.988430                               2.658441           87.2        10
    219 Discop          2.618642     0.889417                               2.936954           87.0        10
    219   ACS2          2.949354     0.992491                               2.971741           76.5        10
    220   ACS1          3.077043     0.988387                               3.112256           75.4        10
    220 Discop          2.985935     0.895507                               3.334886           80.1        10
    220   ACS2          2.706771     0.994800                               2.720802           89.1        10
    221   ACS1          2.761658     0.993546                               2.779181           84.3        10
    221 Discop          2.608636     0.880210                               2.950928           90.0        10
    221   ACS2          2.857306     0.993172                               2.880522           80.0        10
    222   ACS1          2.570318     0.990962                               2.592606           92.8        10
    222 Discop          2.614654     0.880530                               2.968929           87.1        10
    222   ACS2          2.564181     0.994796                               2.576711           90.4        10
    223   ACS1          2.744765     0.992285                               2.765181           83.9        10
    223 Discop          2.158168     0.878208                               2.457520          108.2        10
    223   ACS2          3.165998     0.988124                               3.204062           73.6        10
    224   ACS1          3.065359     0.996315                               3.076659           73.7        10
    224 Discop          2.398344     0.885057                               2.690717          102.2        10
    224   ACS2          2.965710     0.993114                               2.987085           78.4        10
    225   ACS1          2.945538     0.991196                               2.971001           78.4        10
    225 Discop          2.373872     0.879134                               2.701256           98.5        10
    225   ACS2          3.146102     0.996156                               3.160264           77.1        10
    226   ACS1          2.802799     0.994223                               2.819991           83.6        10
    226 Discop          2.575449     0.878812                               2.905907           98.7        10
    226   ACS2          2.839309     0.996213                               2.849937           81.3        10
    227   ACS1          2.774244     0.994168                               2.790930           83.7        10
    227 Discop          2.230329     0.868531                               2.549301          110.1        10
    227   ACS2          2.745849     0.994373                               2.762340           86.7        10
    228   ACS1          2.939828     0.988665                               2.972730           80.1        10
    228 Discop          2.324805     0.887641                               2.615900          102.3        10
    228   ACS2          2.471382     0.990957                               2.498444           97.0        10
    229   ACS1          3.145962     0.993237                               3.170290           78.3        10
    229 Discop          2.499770     0.868546                               2.863989           96.9        10
    229   ACS2          2.765508     0.995147                               2.778741           84.8        10
    230   ACS1          3.323748     0.991725                               3.351728           71.2        10
    230 Discop          2.400933     0.904770                               2.650888          102.4        10
    230   ACS2          2.482096     0.993736                               2.498362          101.3        10
    231   ACS1          3.078614     0.990653                               3.109429           78.4        10
    231 Discop          2.445346     0.880102                               2.771848           98.4        10
    231   ACS2          2.946021     0.993103                               2.965009           80.2        10
    232   ACS1          2.633591     0.994151                               2.649420           91.1        10
    232 Discop          2.661023     0.884346                               3.000230           91.2        10
    232   ACS2          2.821065     0.989546                               2.856701           91.3        10
    233   ACS1          2.945628     0.992875                               2.967271           80.4        10
    233 Discop          2.556702     0.887794                               2.877267           93.9        10
    233   ACS2          2.893105     0.992893                               2.916839           84.3        10
    234   ACS1          3.010010     0.990443                               3.038998           80.1        10
    234 Discop          2.433632     0.876743                               2.762250          104.5        10
    234   ACS2          3.140134     0.996055                               3.153223           77.2        10
    235   ACS1          3.063324     0.994691                               3.080187           80.3        10
    235 Discop          2.209140     0.881486                               2.499351          112.8        10
    235   ACS2          3.110215     0.989150                               3.145271           78.4        10
    236   ACS1          2.820450     0.993671                               2.838554           86.7        10
    236 Discop          2.615146     0.895518                               2.908380           96.5        10
    236   ACS2          2.715552     0.993883                               2.733237           89.3        10
    237   ACS1          2.835464     0.994685                               2.849361           87.3        10
    237 Discop          2.577510     0.896491                               2.867855           96.7        10
    237   ACS2          3.025801     0.987503                               3.064830           79.8        10
    238   ACS1          2.852899     0.991462                               2.878951           88.5        10
    238 Discop          2.624484     0.872812                               2.998899           94.3        10
    238   ACS2          2.405261     0.989558                               2.433048          107.1        10
    239   ACS1          3.004833     0.993066                               3.024256           85.1        10
    239 Discop          2.473856     0.887414                               2.777710          101.1        10
    239   ACS2          2.795916     0.991687                               2.817173           93.8        10
    240   ACS1          2.821662     0.996445                               2.831893           89.0        10
    240 Discop          2.212109     0.876535                               2.516348          119.7        10
    240   ACS2          2.820239     0.992650                               2.841169           87.4        10
    241   ACS1          2.772971     0.995232                               2.787897           90.3        10
    241 Discop          2.678720     0.897325                               2.978590           94.4        10
    241   ACS2          2.468101     0.993719                               2.482145          102.9        10
    242   ACS1          2.556351     0.995324                               2.568849           99.6        10
    242 Discop          2.631893     0.890899                               2.939371           95.5        10
    242   ACS2          2.894782     0.995135                               2.908716           87.7        10
    243   ACS1          2.750372     0.993448                               2.769783           92.4        10
    243 Discop          2.494225     0.885909                               2.808974          102.2        10
    243   ACS2          2.951801     0.995478                               2.965916           86.5        10
    244   ACS1          2.804767     0.992463                               2.828614           90.4        10
    244 Discop          2.504234     0.895210                               2.780823          105.8        10
    244   ACS2          2.686581     0.994535                               2.701348           93.5        10
    245   ACS1          2.598454     0.994968                               2.611518          100.3        10
    245 Discop          2.588088     0.890379                               2.896077          100.8        10
    245   ACS2          2.909680     0.992147                               2.933259           85.3        10
    246   ACS1          2.991224     0.990980                               3.020533           84.1        10
    246 Discop          3.007869     0.892343                               3.359414           85.9        10
    246   ACS2          2.851365     0.994566                               2.867103           90.6        10
    247   ACS1          2.928624     0.993591                               2.946528           86.4        10
    247 Discop          2.559841     0.889686                               2.878155           97.9        10
    247   ACS2          3.058969     0.988311                               3.096915           82.5        10
    248   ACS1          2.507633     0.992980                               2.526724          102.8        10
    248 Discop          2.576788     0.884418                               2.905300           99.6        10
    248   ACS2          2.680777     0.992406                               2.703730           97.5        10
    249   ACS1          2.644328     0.992910                               2.666390           98.1        10
    249 Discop          2.673856     0.880911                               3.022830           97.7        10
    249   ACS2          2.864833     0.988916                               2.900765           90.2        10
    250   ACS1          2.656793     0.992601                               2.680814           99.3        10
    250 Discop          2.641468     0.886742                               2.968551          101.0        10
    250   ACS2          2.697136     0.991266                               2.721519           98.1        10
