       R_bits_per_token                   utilization                   entropy_rate_bits_per_token                   mean_N_tokens                    
method             ACS1     ACS2   Discop        ACS1     ACS2   Discop                        ACS1     ACS2   Discop          ACS1      ACS2    Discop
m_bits                                                                                                                                                 
1              1.000000 1.000000 1.000000    0.127125 0.170007 0.140197                    7.866298 5.882126 7.132828      1.000000  1.000000  1.000000
2              2.000000 2.000000 2.000000    0.261650 0.270156 0.280646                    7.643810 7.403128 7.126406      1.000000  1.000000  1.000000
3              3.000000 2.727273 3.000000    0.439192 0.426753 0.433595                    6.830724 6.390748 6.918892      1.000000  1.100000  1.000000
4              3.333333 4.000000 3.333333    0.556836 0.602805 0.520970                    5.986206 6.635645 6.398316      1.200000  1.000000  1.200000
5              4.166667 4.166667 3.846154    0.715045 0.670519 0.683157                    5.827138 6.214091 5.629974      1.200000  1.200000  1.300000
6              5.454545 5.454545 5.000000    0.736839 0.787601 0.785739                    7.402630 6.925522 6.363440      1.100000  1.100000  1.200000
7              4.666667 4.666667 3.888889    0.723459 0.663752 0.581364                    6.450490 7.030743 6.689244      1.500000  1.500000  1.800000
8              5.000000 4.444444 4.210526    0.701806 0.647660 0.660397                    7.124478 6.862315 6.375754      1.600000  1.800000  1.900000
9              4.500000 4.285714 4.285714    0.739783 0.735033 0.693894                    6.082868 5.830641 6.176321      2.000000  2.100000  2.100000
10             4.761905 4.545455 4.347826    0.722876 0.753667 0.758376                    6.587447 6.031119 5.733078      2.100000  2.200000  2.300000
11             5.000000 4.583333 5.000000    0.767635 0.797455 0.784165                    6.513511 5.747454 6.376207      2.200000  2.400000  2.200000
12             5.454545 5.714286 5.454545    0.809989 0.806939 0.771017                    6.734095 7.081434 7.074485      2.200000  2.100000  2.200000
13             5.909091 5.652174 5.416667    0.814171 0.824815 0.790879                    7.257803 6.852659 6.848922      2.200000  2.300000  2.400000
14             5.185185 6.086957 4.827586    0.847277 0.814605 0.755442                    6.119822 7.472281 6.390412      2.700000  2.300000  2.900000
15             6.818182 6.521739 5.357143    0.935532 0.868850 0.779576                    7.288026 7.506174 6.871863      2.200000  2.300000  2.800000
16             5.333333 4.848485 4.705882    0.823557 0.843528 0.779901                    6.475971 5.747865 6.033949      3.000000  3.300000  3.400000
17             5.862069 5.666667 5.666667    0.780689 0.750860 0.725438                    7.508844 7.546902 7.811372      2.900000  3.000000  3.000000
18             6.000000 5.806452 6.000000    0.805567 0.838068 0.832635                    7.448173 6.928376 7.206042      3.000000  3.100000  3.000000
19             6.129032 6.129032 5.937500    0.881046 0.844095 0.834484                    6.956543 7.261072 7.115178      3.100000  3.100000  3.200000
20             5.714286 6.451613 5.714286    0.878923 0.893253 0.826792                    6.501463 7.222602 6.911398      3.500000  3.100000  3.500000
21             6.562500 6.363636 6.363636    0.888231 0.917669 0.866626                    7.388280 6.934569 7.343000      3.200000  3.300000  3.300000
22             5.789474 6.470588 5.365854    0.885523 0.929510 0.830884                    6.537917 6.961287 6.458007      3.800000  3.400000  4.100000
23             6.216216 6.969697 6.388889    0.877107 0.916985 0.880052                    7.087180 7.600663 7.259674      3.700000  3.300000  3.600000
24             6.153846 6.857143 6.153846    0.838039 0.893063 0.827740                    7.343154 7.678229 7.434511      3.900000  3.500000  3.900000
25             6.410256 6.410256 5.813953    0.885746 0.889287 0.827416                    7.237128 7.208311 7.026636      3.900000  3.900000  4.300000
26             6.190476 6.190476 5.909091    0.911516 0.882006 0.866236                    6.791406 7.018631 6.821570      4.200000  4.200000  4.400000
27             6.279070 6.136364 6.000000    0.904827 0.872430 0.833520                    6.939527 7.033645 7.198385      4.300000  4.400000  4.500000
28             6.222222 6.363636 5.714286    0.898430 0.903169 0.833568                    6.925663 7.045901 6.855210      4.500000  4.400000  4.900000
29             6.304348 6.590909 6.170213    0.912175 0.876404 0.834477                    6.911339 7.520402 7.394112      4.600000  4.400000  4.700000
30             6.122449 6.250000 6.122449    0.893680 0.911812 0.859258                    6.850828 6.854481 7.125275      4.900000  4.800000  4.900000
31             6.595745 6.458333 5.961538    0.938187 0.907298 0.856764                    7.030306 7.118207 6.958201      4.700000  4.800000  5.200000
32             6.666667 6.400000 6.037736    0.905576 0.892838 0.849032                    7.361797 7.168155 7.111321      4.800000  5.000000  5.300000
33             6.111111 6.600000 6.600000    0.875331 0.904132 0.909780                    6.981484 7.299822 7.254503      5.400000  5.000000  5.000000
34             6.538462 6.181818 6.071429    0.925367 0.871468 0.874234                    7.065807 7.093571 6.944856      5.200000  5.500000  5.600000
35             6.034483 6.140351 5.932203    0.878709 0.914384 0.864848                    6.867442 6.715285 6.859243      5.800000  5.700000  5.900000
36             6.428571 6.206897 6.000000    0.919330 0.913802 0.920606                    6.992670 6.792387 6.517446      5.600000  5.800000  6.000000
37             6.491228 6.851852 6.491228    0.884220 0.914812 0.874904                    7.341192 7.489898 7.419357      5.700000  5.400000  5.700000
38             5.757576 5.937500 5.757576    0.918723 0.912473 0.911870                    6.266935 6.507043 6.314033      6.600000  6.400000  6.600000
39             6.610169 6.500000 6.393443    0.923882 0.914046 0.885064                    7.154774 7.111238 7.223710      5.900000  6.000000  6.100000
40             5.882353 6.349206 6.153846    0.929893 0.930101 0.905446                    6.325837 6.826365 6.796481      6.800000  6.300000  6.500000
41             6.212121 6.307692 6.029412    0.889711 0.915470 0.880776                    6.982178 6.890116 6.845566      6.600000  6.500000  6.800000
42             6.461538 6.363636 6.000000    0.936738 0.924531 0.883577                    6.897917 6.883099 6.790580      6.500000  6.600000  7.000000
43             6.417910 6.142857 5.890411    0.932662 0.933990 0.872878                    6.881285 6.577004 6.748261      6.700000  7.000000  7.300000
44             6.470588 6.567164 6.285714    0.945195 0.920123 0.885702                    6.845774 7.137272 7.096870      6.800000  6.700000  7.000000
45             6.716418 6.521739 6.000000    0.936803 0.955105 0.879194                    7.169509 6.828294 6.824430      6.700000  6.900000  7.500000
46             6.478873 6.571429 6.216216    0.925301 0.920731 0.894816                    7.001909 7.137187 6.946923      7.100000  7.000000  7.400000
47             6.266667 6.025641 5.875000    0.909805 0.908061 0.900328                    6.887921 6.635722 6.525400      7.500000  7.800000  8.000000
48             6.400000 6.575342 6.075949    0.920721 0.932880 0.881267                    6.951075 7.048436 6.894559      7.500000  7.300000  7.900000
49             6.447368 6.282051 6.363636    0.946977 0.919735 0.910285                    6.808369 6.830284 6.990820      7.600000  7.800000  7.700000
50             6.666667 6.493506 6.329114    0.938783 0.935832 0.892848                    7.101394 6.938753 7.088677      7.500000  7.700000  7.900000
51             6.375000 6.538462 6.071429    0.926832 0.914616 0.902810                    6.878272 7.148861 6.725033      8.000000  7.800000  8.400000
52             6.842105 6.419753 6.046512    0.947485 0.937203 0.907937                    7.221336 6.849906 6.659616      7.600000  8.100000  8.600000
53             7.162162 6.794872 6.543210    0.952787 0.928107 0.894729                    7.517068 7.321215 7.313063      7.400000  7.800000  8.100000
54             6.666667 6.750000 6.506024    0.945032 0.942671 0.901515                    7.054435 7.160501 7.216766      8.100000  8.000000  8.300000
55             6.790123 6.470588 6.962025    0.946751 0.944585 0.927289                    7.172030 6.850192 7.507935      8.100000  8.500000  7.900000
56             6.436782 6.588235 6.222222    0.958420 0.941466 0.895088                    6.716033 6.997847 6.951518      8.700000  8.500000  9.000000
57             6.627907 6.627907 6.000000    0.938366 0.927630 0.898104                    7.063241 7.144990 6.680742      8.600000  8.600000  9.500000
58             6.590909 6.105263 6.304348    0.960129 0.945519 0.891516                    6.864609 6.457050 7.071489      8.800000  9.500000  9.200000
59             6.210526 6.555556 5.841584    0.938799 0.943620 0.897599                    6.615395 6.947240 6.508009      9.500000  9.000000 10.100000
60             6.593407 6.451613 6.315789    0.959508 0.943408 0.914173                    6.871657 6.838625 6.908750      9.100000  9.300000  9.500000
61             6.777778 6.630435 6.354167    0.973769 0.970712 0.913724                    6.960352 6.830484 6.954139      9.000000  9.200000  9.600000
62             6.888889 6.888889 6.595745    0.960999 0.946005 0.915459                    7.168467 7.282085 7.204849      9.000000  9.000000  9.400000
63             6.702128 6.631579 6.428571    0.955935 0.961302 0.925947                    7.011070 6.898539 6.942701      9.400000  9.500000  9.800000
64             6.336634 6.530612 6.095238    0.952312 0.950250 0.911037                    6.653950 6.872520 6.690442     10.100000  9.800000 10.500000
65             6.914894 6.701031 6.565657    0.956355 0.946344 0.921628                    7.230468 7.080967 7.123981      9.400000  9.700000  9.900000
66             6.000000 6.534653 6.407767    0.947490 0.943749 0.912907                    6.332521 6.924143 7.019077     11.000000 10.100000 10.300000
67             6.568627 6.907216 6.442308    0.961776 0.949400 0.906302                    6.829685 7.275346 7.108348     10.200000  9.700000 10.400000
68             6.666667 6.476190 6.732673    0.953301 0.959992 0.922217                    6.993242 6.746088 7.300533     10.200000 10.500000 10.100000
69             6.831683 6.699029 6.831683    0.962623 0.962280 0.909590                    7.096945 6.961624 7.510729     10.100000 10.300000 10.100000
70             6.306306 6.481481 6.086957    0.958929 0.950446 0.899507                    6.576406 6.819411 6.766989     11.100000 10.800000 11.500000
71             6.761905 6.635514 6.454545    0.973678 0.947204 0.912953                    6.944707 7.005366 7.069966     10.500000 10.700000 11.000000
72             6.545455 6.605505 6.101695    0.970412 0.972265 0.899347                    6.745029 6.793937 6.784580     11.000000 10.900000 11.800000
73             6.697248 7.087379 6.697248    0.975545 0.955943 0.943960                    6.865135 7.414021 7.094844     10.900000 10.300000 10.900000
74             6.851852 6.434783 6.379310    0.958922 0.971141 0.912398                    7.145367 6.626003 6.991808     10.800000 11.500000 11.600000
75             6.355932 6.637168 6.097561    0.945001 0.960479 0.901119                    6.725846 6.910269 6.766653     11.800000 11.300000 12.300000
76             6.608696 6.909091 6.440678    0.953946 0.961458 0.940083                    6.927743 7.186058 6.851180     11.500000 11.000000 11.800000
77             6.637931 6.695652 6.260163    0.956192 0.955996 0.911956                    6.942046 7.003848 6.864544     11.600000 11.500000 12.300000
78             6.782609 6.724138 6.093750    0.950086 0.970137 0.904605                    7.138945 6.931124 6.736363     11.500000 11.600000 12.800000
79             6.528926 6.752137 6.269841    0.965736 0.969534 0.906417                    6.760569 6.964312 6.917172     12.100000 11.700000 12.600000
80             6.451613 6.779661 6.400000    0.960222 0.949359 0.924116                    6.718879 7.141307 6.925538     12.400000 11.800000 12.500000
81             5.955882 6.428571 6.230769    0.962281 0.967583 0.928010                    6.189339 6.643950 6.714117     13.600000 12.600000 13.000000
82             6.666667 6.721311 6.560000    0.945642 0.952417 0.902724                    7.049882 7.057113 7.266894     12.300000 12.200000 12.500000
83             6.693548 6.384615 6.693548    0.945831 0.962176 0.927547                    7.076897 6.635599 7.216395     12.400000 13.000000 12.400000
84             6.829268 6.562500 6.666667    0.961374 0.963639 0.926473                    7.103652 6.810125 7.195747     12.300000 12.800000 12.600000
85             6.692913 6.589147 6.343284    0.957424 0.955215 0.907523                    6.990540 6.898075 6.989663     12.700000 12.900000 13.400000
86             6.771654 6.771654 6.564885    0.970510 0.953321 0.932692                    6.977414 7.103227 7.038643     12.700000 12.700000 13.100000
87             6.590909 6.641221 6.350365    0.957243 0.956149 0.921303                    6.885302 6.945803 6.892806     13.200000 13.100000 13.700000
88             6.769231 6.518519 6.470588    0.955413 0.948150 0.934246                    7.085133 6.874984 6.925999     13.000000 13.500000 13.600000
89             6.223776 6.449275 6.312057    0.962145 0.962189 0.936400                    6.468645 6.702709 6.740769     14.300000 13.800000 14.100000
90             6.617647 6.382979 6.293706    0.974437 0.963133 0.925614                    6.791253 6.627305 6.799497     13.600000 14.100000 14.300000
91             6.546763 6.842105 6.546763    0.960066 0.974511 0.935637                    6.819073 7.021063 6.997116     13.900000 13.300000 13.900000
92             6.666667 6.865672 6.052632    0.957920 0.971014 0.908437                    6.959520 7.070620 6.662689     13.800000 13.400000 15.200000
93             6.595745 6.642857 6.503497    0.972943 0.971527 0.930604                    6.779171 6.837544 6.988471     14.100000 14.000000 14.300000
94             6.762590 6.762590 6.482759    0.972365 0.956464 0.930583                    6.954787 7.070404 6.966339     13.900000 13.900000 14.500000
95             7.037037 6.737589 6.333333    0.967724 0.964525 0.920706                    7.271743 6.985397 6.878783     13.500000 14.100000 15.000000
96             6.808511 6.713287 6.315789    0.965978 0.962866 0.925660                    7.048310 6.972189 6.823014     14.100000 14.300000 15.200000
97             6.298701 6.298701 6.466667    0.974088 0.976588 0.936842                    6.466254 6.449702 6.902626     15.400000 15.400000 15.000000
98             6.901408 6.853147 6.666667    0.959170 0.969032 0.926505                    7.195188 7.072154 7.195503     14.200000 14.300000 14.700000
99             6.556291 6.780822 6.470588    0.971770 0.979773 0.932681                    6.746755 6.920810 6.937623     15.100000 14.600000 15.300000
100            6.329114 6.493506 6.211180    0.974707 0.966892 0.918335                    6.493353 6.715858 6.763524     15.800000 15.400000 16.100000
101            6.688742 6.433121 6.312500    0.970846 0.965813 0.924869                    6.889602 6.660838 6.825291     15.100000 15.700000 16.000000
102            6.754967 6.580645 6.181818    0.970448 0.964556 0.917431                    6.960667 6.822463 6.738181     15.100000 15.500000 16.500000
103            6.821192 6.602564 6.242424    0.978672 0.962258 0.919028                    6.969844 6.861533 6.792419     15.100000 15.600000 16.500000
104            6.753247 6.797386 6.265060    0.965466 0.968111 0.929039                    6.994803 7.021288 6.743591     15.400000 15.300000 16.600000
105            6.603774 6.774194 6.521739    0.975040 0.958677 0.933619                    6.772821 7.066188 6.985437     15.900000 15.500000 16.100000
106            6.708861 6.973684 6.198830    0.960612 0.973967 0.924318                    6.983946 7.160085 6.706384     15.800000 15.200000 17.100000
107            6.772152 6.687500 6.220930    0.958225 0.978370 0.923947                    7.067390 6.835345 6.732994     15.800000 16.000000 17.200000
108            6.545455 6.506024 6.101695    0.975519 0.974605 0.921722                    6.709715 6.675547 6.619884     16.500000 16.600000 17.700000
109            6.942675 6.687117 6.488095    0.969282 0.971762 0.925730                    7.162696 6.881433 7.008622     15.700000 16.300000 16.800000
110            6.470588 6.470588 6.111111    0.960627 0.965820 0.924029                    6.735798 6.699580 6.613553     17.000000 17.000000 18.000000
111            6.851852 6.727273 6.491228    0.971980 0.982176 0.937932                    7.049378 6.849357 6.920789     16.200000 16.500000 17.100000
112            6.829268 6.829268 6.627219    0.975332 0.975667 0.927251                    7.001994 6.999592 7.147170     16.400000 16.400000 16.900000
113            6.608187 6.608187 6.457143    0.971031 0.969416 0.912083                    6.805328 6.816668 7.079558     17.100000 17.100000 17.500000
114            6.951220 7.125000 6.705882    0.972530 0.965296 0.947785                    7.147561 7.381156 7.075319     16.400000 16.000000 17.000000
115            6.571429 6.686047 6.182796    0.963157 0.968349 0.916704                    6.822804 6.904587 6.744596     17.500000 17.200000 18.600000
116            6.904762 7.160494 6.705202    0.965746 0.970188 0.934915                    7.149665 7.380523 7.171989     16.800000 16.200000 17.300000
117            6.358696 6.157895 6.324324    0.968234 0.979946 0.926684                    6.567315 6.283913 6.824686     18.400000 19.000000 18.500000
118            6.820809 6.666667 6.519337    0.964434 0.974657 0.932751                    7.072347 6.840014 6.989362     17.300000 17.700000 18.100000
119            6.918605 6.723164 6.296296    0.986782 0.973964 0.918082                    7.011281 6.902890 6.858098     17.200000 17.700000 18.900000
120            6.703911 6.666667 6.250000    0.972185 0.983571 0.927546                    6.895713 6.778023 6.738211     17.900000 18.000000 19.200000
121            6.436170 6.685083 6.269430    0.978565 0.960077 0.926165                    6.577151 6.963067 6.769239     18.800000 18.100000 19.300000
122            6.666667 6.703297 6.387435    0.977397 0.968385 0.922132                    6.820841 6.922140 6.926810     18.300000 18.200000 19.100000
123            6.684783 6.612903 6.373057    0.973204 0.974142 0.934460                    6.868840 6.788439 6.820044     18.400000 18.600000 19.300000
124            6.739130 6.966292 6.492147    0.978968 0.983487 0.935526                    6.883912 7.083257 6.939569     18.400000 17.800000 19.100000
125            6.684492 6.906077 6.410256    0.967203 0.988935 0.927980                    6.911157 6.983348 6.907751     18.700000 18.100000 19.500000
126            6.961326 6.847826 6.461538    0.966170 0.973755 0.938033                    7.205077 7.032395 6.888390     18.100000 18.400000 19.500000
127            6.791444 6.791444 6.684211    0.970729 0.980804 0.920106                    6.996228 6.924362 7.264608     18.700000 18.700000 19.000000
128            6.243902 6.305419 6.274510    0.972146 0.976881 0.941027                    6.422801 6.454641 6.667725     20.500000 20.300000 20.400000
129            6.972973 6.515152 6.386139    0.980454 0.979511 0.914806                    7.111983 6.651432 6.980868     18.500000 19.800000 20.200000
130            6.565657 6.500000 6.220096    0.972801 0.971477 0.935448                    6.749225 6.690842 6.649326     19.800000 20.000000 20.900000
131            6.582915 6.453202 6.298077    0.974949 0.965449 0.931845                    6.752058 6.684149 6.758715     19.900000 20.300000 20.800000
132            6.700508 6.734694 6.633166    0.971489 0.972260 0.936133                    6.897156 6.926847 7.085709     19.700000 19.600000 19.900000
133            6.519608 6.519608 6.186047    0.972009 0.975567 0.931687                    6.707351 6.682888 6.639619     20.400000 20.400000 21.500000
134            6.836735 6.666667 6.442308    0.972037 0.978827 0.934114                    7.033409 6.810872 6.896702     19.600000 20.100000 20.800000
135            6.994819 6.852792 6.818182    0.969657 0.974965 0.943601                    7.213707 7.028760 7.225705     19.300000 19.700000 19.800000
136            6.570048 6.666667 6.153846    0.978985 0.974477 0.923479                    6.711083 6.841279 6.663760     20.700000 20.400000 22.100000
137            7.135417 6.815920 6.462264    0.986663 0.979774 0.928241                    7.231865 6.956626 6.961837     19.200000 20.100000 21.200000
138            6.666667 6.602871 6.634615    0.971043 0.977480 0.937616                    6.865469 6.754995 7.076044     20.700000 20.900000 20.800000
139            6.780488 6.682692 6.435185    0.966068 0.982823 0.934332                    7.018645 6.799485 6.887474     20.500000 20.800000 21.600000
140            6.698565 6.829268 6.334842    0.975926 0.987800 0.920581                    6.863804 6.913616 6.881351     20.900000 20.500000 22.100000
141            7.050000 6.945813 6.778846    0.977216 0.978568 0.940712                    7.214371 7.097939 7.206078     20.000000 20.300000 20.800000
142            6.859903 6.729858 6.283186    0.980415 0.982708 0.931340                    6.996938 6.848277 6.746396     20.700000 21.100000 22.600000
143            6.500000 6.651163 6.190476    0.978944 0.981227 0.928816                    6.639805 6.778412 6.664911     22.000000 21.500000 23.100000
144            6.857143 6.889952 6.605505    0.977423 0.975978 0.937476                    7.015533 7.059533 7.046055     21.000000 20.900000 21.800000
145            6.590909 6.651376 6.531532    0.971672 0.978629 0.929183                    6.783057 6.796629 7.029324     22.000000 21.800000 22.200000
146            6.919431 6.759259 6.636364    0.984623 0.985527 0.938575                    7.027494 6.858519 7.070679     21.100000 21.600000 22.000000
147            6.901408 6.901408 6.869159    0.985819 0.983016 0.948098                    7.000684 7.020649 7.245201     21.300000 21.300000 21.400000
148            6.462882 6.577778 6.462882    0.977044 0.974667 0.930386                    6.614729 6.748746 6.946450     22.900000 22.500000 22.900000
149            6.834862 6.742081 6.563877    0.987884 0.974037 0.937992                    6.918688 6.921795 6.997793     21.800000 22.100000 22.700000
150            7.042254 7.075472 6.637168    0.975576 0.972417 0.932744                    7.218562 7.276168 7.115746     21.300000 21.200000 22.600000
151            6.801802 6.741071 6.711111    0.971151 0.976003 0.935417                    7.003860 6.906813 7.174458     22.200000 22.400000 22.500000
152            6.940639 6.972477 6.877828    0.987151 0.979371 0.938436                    7.030981 7.119345 7.329035     21.900000 21.800000 22.100000
153            6.954545 6.986301 6.348548    0.980706 0.984367 0.926851                    7.091368 7.097252 6.849588     22.000000 21.900000 24.100000
154            6.875000 7.064220 6.609442    0.977429 0.984386 0.935145                    7.033756 7.176269 7.067828     22.400000 21.800000 23.300000
155            6.919643 6.888889 6.352459    0.976909 0.977331 0.944364                    7.083203 7.048673 6.726707     22.400000 22.500000 24.400000
156            6.872247 7.027027 6.117647    0.984038 0.977104 0.938536                    6.983724 7.191685 6.518288     22.700000 22.200000 25.500000
157            6.596639 6.652542 6.305221    0.978388 0.980940 0.932910                    6.742357 6.781806 6.758658     23.800000 23.600000 24.900000
158            6.781116 6.475410 6.422764    0.982499 0.978646 0.933118                    6.901904 6.616700 6.883123     23.300000 24.400000 24.600000
159            6.737288 6.516393 6.489796    0.979713 0.985288 0.928355                    6.876794 6.613692 6.990642     23.600000 24.400000 24.500000
160            6.374502 6.504065 6.015038    0.983650 0.978580 0.926682                    6.480456 6.646431 6.490943     25.100000 24.600000 26.600000
161            6.880342 6.764706 6.625514    0.987844 0.986866 0.947145                    6.965010 6.854738 6.995246     23.400000 23.800000 24.300000
162            6.806723 6.864407 6.428571    0.986820 0.973564 0.937009                    6.897636 7.050799 6.860735     23.800000 23.600000 25.200000
163            6.906780 6.707819 6.763485    0.983002 0.977427 0.937304                    7.026212 6.862731 7.215896     23.600000 24.300000 24.100000
164            6.639676 6.890756 6.381323    0.979851 0.973343 0.933792                    6.776209 7.079473 6.833772     24.700000 23.800000 25.700000
165            6.991525 6.903766 6.600000    0.982504 0.979790 0.938777                    7.116029 7.046171 7.030423     23.600000 23.900000 25.000000
166            6.587302 6.640000 6.240602    0.973751 0.982958 0.924914                    6.764871 6.755121 6.747225     25.200000 25.000000 26.600000
167            6.872428 6.844262 6.600791    0.976231 0.977647 0.936650                    7.039756 7.000750 7.047231     24.300000 24.400000 25.300000
168            6.970954 6.942149 6.588235    0.976575 0.984729 0.939606                    7.138163 7.049807 7.011696     24.100000 24.200000 25.500000
169            6.679842 6.814516 6.450382    0.979721 0.984994 0.939832                    6.818105 6.918332 6.863338     25.300000 24.800000 26.200000
170            6.827309 6.995885 6.719368    0.983896 0.980480 0.948030                    6.939055 7.135160 7.087716     24.900000 24.300000 25.300000
171            6.923077 6.923077 6.840000    0.977577 0.980377 0.942169                    7.081876 7.061649 7.259846     24.700000 24.700000 25.000000
172            6.745098 6.718750 6.564885    0.983736 0.979340 0.947173                    6.856615 6.860491 6.931034     25.500000 25.600000 26.200000
173            6.679537 6.679537 6.383764    0.981150 0.989105 0.947023                    6.807865 6.753113 6.740872     25.900000 25.900000 27.100000
174            6.960000 6.744186 6.566038    0.980502 0.979649 0.936366                    7.098405 6.884291 7.012256     25.000000 25.800000 26.500000
175            6.704981 6.529851 6.363636    0.980471 0.981506 0.943263                    6.838528 6.652891 6.746407     26.100000 26.800000 27.500000
176            6.567164 6.542751 6.353791    0.978387 0.982603 0.937128                    6.712238 6.658592 6.780070     26.800000 26.900000 27.700000
177            6.887160 7.108434 6.679245    0.982457 0.981970 0.929820                    7.010135 7.238949 7.183376     25.700000 24.900000 26.500000
178            6.846154 6.953125 6.379928    0.979435 0.988792 0.946031                    6.989904 7.031941 6.743893     26.000000 25.600000 27.900000
179            6.580882 6.780303 6.130137    0.978472 0.984705 0.931299                    6.725676 6.885619 6.582351     27.200000 26.400000 29.200000
180            6.976744 6.870229 6.338028    0.993502 0.979884 0.942227                    7.022379 7.011264 6.726644     25.800000 26.200000 28.400000
181            6.804511 6.654412 6.510791    0.988088 0.976479 0.929771                    6.886545 6.814699 7.002573     26.600000 27.200000 27.800000
182            6.842105 6.765799 6.500000    0.982468 0.989099 0.944185                    6.964204 6.840366 6.884247     26.600000 26.900000 28.000000
183            6.802974 6.984733 6.559140    0.981095 0.986784 0.938704                    6.934061 7.078282 6.987442     26.900000 26.200000 27.900000
184            6.917293 6.917293 6.478873    0.985230 0.982333 0.937654                    7.020993 7.041696 6.909660     26.600000 26.600000 28.400000
185            7.034221 6.954887 6.423611    0.983552 0.976613 0.932101                    7.151858 7.121433 6.891542     26.300000 26.600000 28.800000
186            6.914498 6.966292 6.642857    0.978990 0.983138 0.943254                    7.062886 7.085771 7.042492     26.900000 26.700000 28.000000
187            6.900369 7.083333 6.678571    0.982021 0.983647 0.937209                    7.026699 7.201093 7.126021     27.100000 26.400000 28.000000
188            6.937269 7.094340 6.666667    0.988561 0.988315 0.936127                    7.017541 7.178219 7.121543     27.100000 26.500000 28.200000
189            6.774194 6.923077 6.539792    0.984367 0.986961 0.939469                    6.881778 7.014543 6.961157     27.900000 27.300000 28.900000
190            6.643357 6.884058 6.354515    0.986514 0.981857 0.932800                    6.734177 7.011260 6.812298     28.600000 27.600000 29.900000
191            6.631944 6.749117 6.201299    0.988701 0.986453 0.939008                    6.707736 6.841803 6.604098     28.800000 28.300000 30.800000
192            6.832740 7.164179 6.575342    0.987622 0.983376 0.931562                    6.918378 7.285291 7.058407     28.100000 26.800000 29.200000
193            6.819788 6.476510 6.031250    0.983676 0.983652 0.935658                    6.932964 6.584150 6.445996     28.300000 29.800000 32.000000
194            6.621160 6.830986 6.510067    0.984808 0.984115 0.945646                    6.723302 6.941247 6.884251     29.300000 28.400000 29.800000
195            6.701031 6.747405 6.270096    0.986175 0.981337 0.934208                    6.794971 6.875727 6.711672     29.100000 28.900000 31.100000
196            6.829268 6.877193 6.511628    0.987092 0.982887 0.940300                    6.918571 6.996933 6.925054     28.700000 28.500000 30.100000
197            6.769759 6.523179 6.459016    0.983251 0.988344 0.951109                    6.885079 6.600110 6.791035     29.100000 30.200000 30.500000
198            6.996466 6.804124 6.851211    0.986080 0.988691 0.951255                    7.095232 6.881952 7.202284     28.300000 29.100000 28.900000
199            7.031802 6.815068 6.440129    0.980818 0.980351 0.937392                    7.169323 6.951662 6.870265     28.300000 29.200000 30.900000
200            6.896552 7.017544 6.578947    0.983377 0.989616 0.937729                    7.013129 7.091175 7.015833     29.000000 28.500000 30.400000
201            6.907216 6.907216 6.261682    0.987627 0.988249 0.938056                    6.993750 6.989347 6.675169     29.100000 29.100000 32.100000
202            6.710963 6.801347 6.312500    0.987558 0.989605 0.927663                    6.795511 6.872792 6.804736     30.100000 29.700000 32.000000
203            6.677632 6.721854 6.485623    0.986070 0.981176 0.933569                    6.771965 6.850817 6.947125     30.400000 30.200000 31.300000
204            6.800000 6.891892 6.455696    0.980404 0.979203 0.933017                    6.935916 7.038266 6.919165     30.000000 29.600000 31.600000
205            6.426332 6.212121 6.193353    0.990695 0.986017 0.938979                    6.486692 6.300216 6.595835     31.900000 33.000000 33.100000
206            6.602564 6.623794 6.223565    0.985109 0.978069 0.934709                    6.702369 6.772321 6.658294     31.200000 31.100000 33.100000
207            6.786885 6.809211 6.489028    0.983966 0.991315 0.928544                    6.897483 6.868869 6.988389     30.500000 30.400000 31.900000
208            6.910299 6.887417 6.540881    0.980090 0.980319 0.938656                    7.050679 7.025693 6.968345     30.100000 30.200000 31.800000
209            6.763754 6.785714 6.450617    0.986070 0.983727 0.942064                    6.859303 6.897964 6.847325     30.900000 30.800000 32.400000
210            6.645570 6.885246 6.382979    0.987276 0.976936 0.942326                    6.731218 7.047797 6.773644     31.600000 30.500000 32.900000
211            6.963696 6.850649 6.656151    0.985355 0.988262 0.944457                    7.067194 6.932015 7.047593     30.300000 30.800000 31.700000
212            6.973684 7.066667 6.503067    0.991381 0.978111 0.944443                    7.034315 7.224811 6.885612     30.400000 30.000000 32.600000
213            6.826923 6.783439 6.454545    0.989489 0.977128 0.936661                    6.899441 6.942225 6.891014     31.200000 31.400000 33.000000
214            6.815287 6.772152 6.666667    0.983259 0.980036 0.939021                    6.931323 6.910103 7.099596     31.400000 31.600000 32.100000
215            6.739812 6.656347 6.304985    0.988035 0.984871 0.931688                    6.821433 6.758595 6.767275     31.900000 32.300000 34.100000
216            6.857143 6.835443 6.792453    0.985790 0.985572 0.943210                    6.955984 6.935512 7.201424     31.500000 31.600000 31.800000
217            6.867089 6.867089 6.382353    0.986197 0.981476 0.938651                    6.963204 6.996698 6.799497     31.600000 31.600000 34.000000
218            6.770186 6.812500 6.606061    0.980546 0.983951 0.948403                    6.904503 6.923617 6.965455     32.200000 32.000000 33.000000
219            6.908517 6.656535 6.403509    0.990330 0.979439 0.929092                    6.975972 6.796276 6.892226     31.700000 32.900000 34.200000
220            6.567164 6.707317 6.489676    0.978787 0.988972 0.942022                    6.709490 6.782108 6.889092     33.500000 32.800000 33.900000
221            6.676737 6.820988 6.636637    0.991432 0.984168 0.940818                    6.734436 6.930713 7.054114     33.100000 32.400000 33.300000
222            6.937500 6.915888 6.788991    0.987014 0.987022 0.941890                    7.028779 7.006821 7.207839     32.000000 32.100000 32.700000
223            6.558824 6.737160 6.501458    0.983168 0.987906 0.933824                    6.671112 6.819634 6.962187     34.000000 33.100000 34.300000
224            6.787879 6.686567 6.850153    0.983759 0.991226 0.948777                    6.899941 6.745754 7.219982     33.000000 33.500000 32.700000
225            6.578947 6.656805 6.355932    0.984072 0.987367 0.951169                    6.685432 6.741974 6.682236     34.200000 33.800000 35.400000
226            6.666667 6.666667 6.494253    0.985931 0.987264 0.940172                    6.761797 6.752669 6.907519     33.900000 33.900000 34.800000
227            6.796407 6.735905 6.522989    0.979383 0.984400 0.935154                    6.939482 6.842648 6.975310     33.400000 33.700000 34.800000
228            6.608696 6.745562 6.514286    0.985327 0.987012 0.934357                    6.707106 6.834325 6.971942     34.500000 33.800000 35.000000
229            6.715543 6.918429 6.735294    0.982050 0.985912 0.937517                    6.838288 7.017290 7.184181     34.100000 33.100000 34.000000
230            6.628242 6.478873 6.284153    0.986253 0.984920 0.939232                    6.720629 6.578073 6.690735     34.700000 35.500000 36.600000
231            6.452514 6.676301 6.260163    0.987857 0.982242 0.935977                    6.531829 6.797002 6.688376     35.800000 34.600000 36.900000
232            6.572238 6.628571 6.287263    0.992214 0.990036 0.945249                    6.623813 6.695286 6.651433     35.300000 35.000000 36.900000
233            6.955224 6.976048 6.544944    0.988672 0.981297 0.937336                    7.034913 7.109008 6.982494     33.500000 33.400000 35.600000
234            6.842105 6.743516 6.223404    0.986190 0.988991 0.937989                    6.937921 6.818578 6.634838     34.200000 34.700000 37.600000
235            6.638418 6.619718 6.420765    0.983952 0.988554 0.945960                    6.746689 6.696362 6.787563     35.400000 35.500000 36.600000
236            6.742857 6.781609 6.430518    0.981559 0.990980 0.940588                    6.869537 6.843339 6.836698     35.000000 34.800000 36.700000
237            6.829971 6.810345 6.620112    0.978022 0.983824 0.939064                    6.983453 6.922319 7.049694     34.700000 34.800000 35.800000
238            6.819484 6.685393 6.574586    0.987814 0.984788 0.943641                    6.903612 6.788666 6.967251     34.900000 35.600000 36.200000
239            6.947674 6.907514 6.770538    0.990831 0.986899 0.945703                    7.011969 6.999211 7.159261     34.400000 34.600000 35.300000
240            6.857143 6.876791 6.521739    0.987611 0.979185 0.944263                    6.943159 7.022973 6.906697     35.000000 34.900000 36.800000
241            6.866097 6.694444 6.620879    0.989927 0.988422 0.943461                    6.935966 6.772861 7.017650     35.100000 36.000000 36.400000
242            6.855524 6.954023 6.594005    0.985594 0.991288 0.941207                    6.955725 7.015139 7.005907     35.300000 34.800000 36.700000
243            6.903409 7.043478 6.694215    0.985063 0.989100 0.945753                    7.008091 7.121096 7.078187     35.200000 34.500000 36.300000
244            6.666667 6.740331 6.240409    0.985736 0.984147 0.941009                    6.763134 6.848909 6.631618     36.600000 36.200000 39.100000
245            6.882022 6.693989 6.314433    0.986184 0.992521 0.936368                    6.978436 6.744429 6.743540     35.600000 36.600000 38.800000
246            6.758242 6.721311 6.406250    0.986446 0.989780 0.932165                    6.851101 6.790712 6.872444     36.400000 36.600000 38.400000
247            6.711957 6.534392 6.284987    0.984886 0.988790 0.936097                    6.814957 6.608472 6.714031     36.800000 37.800000 39.300000
248            6.775956 6.441558 6.262626    0.993885 0.987213 0.934719                    6.817645 6.524995 6.700011     36.600000 38.500000 39.600000
249            6.640000 6.417526 6.000000    0.988860 0.990097 0.939082                    6.714801 6.481716 6.389221     37.500000 38.800000 41.500000
250            6.963788 6.738544 6.544503    0.994244 0.988009 0.937910                    7.004103 6.820328 6.977751     35.900000 37.100000 38.200000
